FID:  238.96076185399522
FID:  139.13599737982184
FID:  104.11989729007055
